  -3.1415927410125732        0.0000000000000000     
  -3.1354508197202708       -8.4270918052304462E-004
  -3.1293088984279689       -1.2892572624495784E-003
  -3.1231669771356665       -1.7462743140652913E-003
  -3.1170250558433645       -2.2080070887022466E-003
  -3.1108831345510621       -2.6720339099076040E-003
  -3.1047412132587602       -3.1372457167716914E-003
  -3.0985992919664578       -3.6030998746549390E-003
  -3.0924573706741558       -4.0693158252300384E-003
  -3.0863154493818534       -4.5357419180689102E-003
  -3.0801735280895515       -5.0022931781657249E-003
  -3.0740316067972491       -5.4689205652583657E-003
  -3.0678896855049471       -5.9355950746344524E-003
  -3.0617477642126447       -6.4022991933753862E-003
  -3.0556058429203423       -6.8690221593881856E-003
  -3.0494639216280404       -7.3357572580611046E-003
  -3.0433220003357380       -7.8025002444910944E-003
  -3.0371800790434360       -8.2692484039290446E-003
  -3.0310381577511336       -8.7359999824282199E-003
  -3.0248962364588317       -9.2027538364956377E-003
  -3.0187543151665293       -9.6695092145816161E-003
  -3.0126123938742273       -1.0136265619129848E-002
  -3.0064704725819249       -1.0603022718584144E-002
  -3.0003285512896225       -1.1069780290689521E-002
  -2.9941866299973205       -1.1536538185648215E-002
  -2.9880447087050181       -1.2003296302006247E-002
  -2.9819027874127162       -1.2470054570735670E-002
  -2.9757608661204138       -1.2936812944683164E-002
  -2.9696189448281118       -1.3403571391503048E-002
  -2.9634770235358094       -1.3870329888946395E-002
  -2.9573351022435075       -1.4337088421645128E-002
  -2.9511931809512051       -1.4803846978963165E-002
  -2.9450512596589031       -1.5270605553504062E-002
  -2.9389093383666007       -1.5737364140120395E-002
  -2.9327674170742988       -1.6204122735220483E-002
  -2.9266254957819964       -1.6670881336297391E-002
  -2.9204835744896940       -1.7137639941591100E-002
  -2.9143416531973920       -1.7604398549860390E-002
  -2.9081997319050896       -1.8071157160234254E-002
  -2.9020578106127877       -1.8537915772097013E-002
  -2.8959158893204853       -1.9004674385025171E-002
  -2.8897739680281833       -1.9471432998701514E-002
  -2.8836320467358809       -1.9938191612911802E-002
  -2.8774901254435790       -2.0404950227501738E-002
  -2.8713482041512766       -2.0871708842365236E-002
  -2.8652062828589746       -2.1338467457417493E-002
  -2.8590643615666722       -2.1805226072613950E-002
  -2.8529224402743703       -2.2271984687908863E-002
  -2.8467805189820679       -2.2738743303275112E-002
  -2.8406385976897655       -2.3205501918690526E-002
  -2.8344966763974635       -2.3672260534138029E-002
  -2.8283547551051611       -2.4139019149616602E-002
  -2.8222128338128591       -2.4605777765111771E-002
  -2.8160709125205567       -2.5072536380620843E-002
  -2.8099289912282548       -2.5539294996137798E-002
  -2.8037870699359524       -2.6006053611667485E-002
  -2.7976451486436504       -2.6472812227198071E-002
  -2.7915032273513480       -2.6939570842731384E-002
  -2.7853613060590456       -2.7406329458265974E-002
  -2.7792193847667437       -2.7873088073804508E-002
  -2.7730774634744413       -2.8339846689348837E-002
  -2.7669355421821393       -2.8806605304885470E-002
  -2.7607936208898369       -2.9273363920428456E-002
  -2.7546516995975350       -2.9740122535969114E-002
  -2.7485097783052326       -3.0206881151514143E-002
  -2.7423678570129306       -3.0673639767058336E-002
  -2.7362259357206282       -3.1140398382604281E-002
  -2.7300840144283263       -3.1607156998144030E-002
  -2.7239420931360239       -3.2073915613689476E-002
  -2.7178001718437219       -3.2540674229230925E-002
  -2.7116582505514195       -3.3007432844775038E-002
  -2.7055163292591171       -3.3474191460319457E-002
  -2.6993744079668152       -3.3940950075863840E-002
  -2.6932324866745128       -3.4407708691410514E-002
  -2.6870905653822108       -3.4874467306947696E-002
  -2.6809486440899084       -3.5341225922494293E-002
  -2.6748067227976065       -3.5807984538035645E-002
  -2.6686648015053041       -3.6274743153579918E-002
  -2.6625228802130021       -3.6741501769122747E-002
  -2.6563809589206997       -3.7208260384668491E-002
  -2.6502390376283973       -3.7675019000211592E-002
  -2.6440971163360953       -3.8141777615754824E-002
  -2.6379551950437934       -3.8608536231297383E-002
  -2.6318132737514910       -3.9075294846842419E-002
  -2.6256713524591886       -3.9542053462389322E-002
  -2.6195294311668866       -4.0008812077929806E-002
  -2.6133875098745842       -4.0475570693475370E-002
  -2.6072455885822823       -4.0942329309015639E-002
  -2.6011036672899799       -4.1409087924563388E-002
  -2.5949617459976779       -4.1875846540103311E-002
  -2.5888198247053755       -4.2342605155649853E-002
  -2.5826779034130736       -4.2809363771193945E-002
  -2.5765359821207712       -4.3276122386736719E-002
  -2.5703940608284688       -4.3742881002279271E-002
  -2.5642521395361668       -4.4209639617824904E-002
  -2.5581102182438649       -4.4676398233367588E-002
  -2.5519682969515625       -4.5143156848913756E-002
  -2.5458263756592601       -4.5609915464460110E-002
  -2.5396844543669581       -4.6076674079998596E-002
  -2.5335425330746557       -4.6543432695541634E-002
  -2.5274006117823538       -4.7010191311081043E-002
  -2.5212586904900514       -4.7476949926631158E-002
  -2.5151167691977490       -4.7943708542179095E-002
  -2.5089748479054470       -4.8410467157720072E-002
  -2.5028329266131450       -4.8877225773258495E-002
  -2.4966910053208426       -4.9343984388802685E-002
  -2.4905490840285402       -4.9810743004348637E-002
  -2.4844071627362383       -5.0277501619891626E-002
  -2.4782652414439359       -5.0744260235440757E-002
  -2.4721233201516339       -5.1211018850976613E-002
  -2.4659813988593315       -5.1677777466519310E-002
  -2.4598394775670296       -5.2144536082060468E-002
  -2.4536975562747272       -5.2611294697611145E-002
  -2.4475556349824252       -5.3078053313153926E-002
  -2.4414137136901228       -5.3544811928704472E-002
  -2.4352717923978204       -5.4011570544248183E-002
  -2.4291298711055185       -5.4478329159784643E-002
  -2.4229879498132165       -5.4945087775328701E-002
  -2.4168460285209141       -5.5411846390874729E-002
  -2.4107041072286117       -5.5878605006417732E-002
  -2.4045621859363098       -5.6345363621960839E-002
  -2.3984202646440074       -5.6812122237508152E-002
  -2.3922783433517054       -5.7278880853045548E-002
  -2.3861364220594030       -5.7745639468597725E-002
  -2.3799945007671011       -5.8212398084131659E-002
  -2.3738525794747987       -5.8679156699673170E-002
  -2.3677106581824967       -5.9145915315216929E-002
  -2.3615687368901943       -5.9612673930766344E-002
  -2.3554268155978919       -6.0079432546313601E-002
  -2.3492848943055900       -6.0546191161855709E-002
  -2.3431429730132880       -6.1012949777396505E-002
  -2.3370010517209856       -6.1479708392941403E-002
  -2.3308591304286832       -6.1946467008485689E-002
  -2.3247172091363812       -6.2413225624027235E-002
  -2.3185752878440788       -6.2879984239576386E-002
  -2.3124333665517769       -6.3346742855111091E-002
  -2.3062914452594745       -6.3813501470660214E-002
  -2.3001495239671721       -6.4280260086208060E-002
  -2.2940076026748701       -6.4747018701746220E-002
  -2.2878656813825682       -6.5213777317287558E-002
  -2.2817237600902658       -6.5680535932836695E-002
  -2.2755818387979634       -6.6147294548383265E-002
  -2.2694399175056614       -6.6614053163917442E-002
  -2.2632979962133590       -6.7080811779465205E-002
  -2.2571560749210571       -6.7547570395006945E-002
  -2.2510141536287547       -6.8014329010555624E-002
  -2.2448722323364527       -6.8481087626096171E-002
  -2.2387303110441503       -6.8947846241640395E-002
  -2.2325883897518484       -6.9414604857176071E-002
  -2.2264464684595460       -6.9881363472727179E-002
  -2.2203045471672436       -7.0348122088273762E-002
  -2.2141626258749416       -7.0814880703810784E-002
  -2.2080207045826397       -7.1281639319353954E-002
  -2.2018787832903373       -7.1748397934902799E-002
  -2.1957368619980349       -7.2215156550446136E-002
  -2.1895949407057329       -7.2681915165986932E-002
  -2.1834530194134305       -7.3148673781537679E-002
  -2.1773110981211286       -7.3615432397073896E-002
  -2.1711691768288262       -7.4082191012620202E-002
  -2.1650272555365242       -7.4548949628161998E-002
  -2.1588853342442218       -7.5015708243717963E-002
  -2.1527434129519198       -7.5482466859256858E-002
  -2.1466014916596174       -7.5949225474801763E-002
  -2.1404595703673150       -7.6415984090345404E-002
  -2.1343176490750131       -7.6882742705884105E-002
  -2.1281757277827111       -7.7349501321424013E-002
  -2.1220338064904087       -7.7816259936968335E-002
  -2.1158918851981063       -7.8283018552514377E-002
  -2.1097499639058044       -7.8749777168055868E-002
  -2.1036080426135020       -7.9216535783608752E-002
  -2.0974661213212000       -7.9683294399143956E-002
  -2.0913242000288976       -8.0150053014687167E-002
  -2.0851822787365952       -8.0616811630239579E-002
  -2.0790403574442933       -8.1083570245782249E-002
  -2.0728984361519913       -8.1550328861320145E-002
  -2.0667565148596889       -8.2017087476869560E-002
  -2.0606145935673865       -8.2483846092412508E-002
  -2.0544726722750846       -8.2950604707949530E-002
  -2.0483307509827826       -8.3417363323494073E-002
  -2.0421888296904802       -8.3884121939038409E-002
  -2.0360469083981778       -8.4350880554579344E-002
  -2.0299049871058754       -8.4817639170126982E-002
  -2.0237630658135735       -8.5284397785669652E-002
  -2.0176211445212715       -8.5751156401211767E-002
  -2.0114792232289691       -8.6217915016755534E-002
  -2.0053373019366667       -8.6684673632302173E-002
  -1.9991953806443648       -8.7151432247839430E-002
  -1.9930534593520626       -8.7618190863383211E-002
  -1.9869115380597604       -8.8084949478931515E-002
  -1.9807696167674582       -8.8551708094478113E-002
  -1.9746276954751560       -8.9018466710019631E-002
  -1.9684857741828539       -8.9485225325561718E-002
  -1.9623438528905517       -8.9951983941103944E-002
  -1.9562019315982493       -9.0418742556649279E-002
  -1.9500600103059471       -9.0885501172192504E-002
  -1.9439180890136449       -9.1352259787740239E-002
  -1.9377761677213428       -9.1819018403285144E-002
  -1.9316342464290406       -9.2285777018827231E-002
  -1.9254923251367384       -9.2752535634369318E-002
  -1.9193504038444362       -9.3219294249912529E-002
  -1.9132084825521340       -9.3686052865458017E-002
  -1.9070665612598319       -9.4152811481003490E-002
  -1.9009246399675297       -9.4619570096546132E-002
  -1.8947827186752275       -9.5086328712084223E-002
  -1.8886407973829251       -9.5553087327632000E-002
  -1.8824988760906229       -9.6019845943176349E-002
  -1.8763569547983208       -9.6486604558716174E-002
  -1.8702150335060186       -9.6953363174258261E-002
  -1.8640731122137164       -9.7420121789802611E-002
  -1.8579311909214142       -9.7886880405348084E-002
  -1.8517892696291121       -9.8353639020896388E-002
  -1.8456473483368099       -9.8820397636439031E-002
  -1.8395054270445077       -9.9287156251981687E-002
  -1.8333635057522055       -9.9753914867526605E-002
  -1.8272215844599033      -0.10022067348306812     
  -1.8210796631676012      -0.10068743209860939     
  -1.8149377418752988      -0.10115419071416021     
  -1.8087958205829966      -0.10162094932970173     
  -1.8026538992906944      -0.10208770794523986     
  -1.7965119779983922      -0.10255446656078250     
  -1.7903700567060901      -0.10302122517632742     
  -1.7842281354137879      -0.10348798379187346     
  -1.7780862141214857      -0.10395474240741950     
  -1.7719442928291835      -0.10442150102296215     
  -1.7658023715368814      -0.10488825963850480     
  -1.7596604502445792      -0.10535501825405084     
  -1.7535185289522770      -0.10582177686959532     
  -1.7473766076599746      -0.10628853548514179     
  -1.7412346863676724      -0.10675529410068331     
  -1.7350927650753702      -0.10722205271622597     
  -1.7289508437830681      -0.10768881133176975     
  -1.7228089224907659      -0.10815556994731240     
  -1.7166670011984637      -0.10862232856285504     
  -1.7105250799061615      -0.10908908717839882     
  -1.7043831586138594      -0.10955584579393922     
  -1.6982412373215572      -0.11002260440948300     
  -1.6920993160292550      -0.11048936302502904     
  -1.6859573947369528      -0.11095612164057056     
  -1.6798154734446507      -0.11142288025611484     
  -1.6736735521523483      -0.11188963887166603     
  -1.6675316308600461      -0.11235639748720642     
  -1.6613897095677439      -0.11282315610275133     
  -1.6552477882754417      -0.11328991471829512     
  -1.6491058669831395      -0.11375667333383664     
  -1.6429639456908374      -0.11422343194937928     
  -1.6368220243985352      -0.11469019056492420     
  -1.6306801031062330      -0.11515694918046684     
  -1.6245381818139308      -0.11562370779600950     
  -1.6183962605216287      -0.11609046641155328     
  -1.6122543392293265      -0.11655722502709932     
  -1.6061124179370243      -0.11702398364264226     
  -1.5999704966447219      -0.11749074225819141     
  -1.5938285753524197      -0.11795750087373519     
  -1.5876866540601176      -0.11842425948927444     
  -1.5815447327678154      -0.11889101810481258     
  -1.5754028114755132      -0.11935777672035636     
  -1.5692608901832110      -0.11982453533590466     
  -1.5631189688909088      -0.12029129395145070     
  -1.5569770475986067      -0.12075805256699561     
  -1.5508351263063045      -0.12122481118254165     
  -1.5446932050140023      -0.12169156979808317     
  -1.5385512837217001      -0.12215832841362254     
  -1.5324093624293977      -0.12262508702916960     
  -1.5262674411370956      -0.12309184564470886     
  -1.5201255198447934      -0.12355860426025378     
  -1.5139835985524912      -0.12402536287579756     
  -1.5078416772601890      -0.12449212149133908     
  -1.5016997559678869      -0.12495888010688738     
  -1.4955578346755847      -0.12542563872243342     
  -1.4894159133832825      -0.12589239733797719     
  -1.4832739920909803      -0.12635915595352212     
  -1.4771320707986781      -0.12682591456906026     
  -1.4709901495063760      -0.12729267318460402     
  -1.4648482282140738      -0.12775943180014995     
  -1.4587063069217714      -0.12822619041569611     
  -1.4525643856294692      -0.12869294903123538     
  -1.4464224643371670      -0.12915970764677914     
  -1.4402805430448649      -0.12962646626232180     
  -1.4341386217525627      -0.13009322487786332     
  -1.4279967004602605      -0.13055998349340484     
  -1.4218547791679583      -0.13102674210894977     
  -1.4157128578756561      -0.13149350072449353     
  -1.4095709365833540      -0.13196025934003619     
  -1.4034290152910518      -0.13242701795558448     
  -1.3972870939987496      -0.13289377657113052     
  -1.3911451727064474      -0.13336053518666949     
  -1.3850032514141450      -0.13382729380221584     
  -1.3788613301218429      -0.13429405241775397     
  -1.3727194088295407      -0.13476081103330001     
  -1.3665774875372385      -0.13522756964884944     
  -1.3604355662449363      -0.13569432826439096     
  -1.3542936449526342      -0.13616108687993361     
  -1.3481517236603320      -0.13662784549547513     
  -1.3420098023680298      -0.13709460411101665     
  -1.3358678810757276      -0.13756136272656155     
  -1.3297259597834254      -0.13802812134210535     
  -1.3235840384911233      -0.13849487995764975     
  -1.3174421171988209      -0.13896163857319629     
  -1.3113001959065187      -0.13942839718873556     
  -1.3051582746142165      -0.13989515580427708     
  -1.2990163533219143      -0.14036191441981632     
  -1.2928744320296122      -0.14082867303536464     
  -1.2867325107373100      -0.14129543165091518     
  -1.2805905894450078      -0.14176219026645898     
  -1.2744486681527056      -0.14222894888200049     
  -1.2683067468604035      -0.14269570749754654     
  -1.2621648255681013      -0.14316246611308581     
  -1.2560229042757991      -0.14362922472862957     
  -1.2498809829834969      -0.14409598334417492     
  -1.2437390616911945      -0.14456274195971941     
  -1.2375971403988923      -0.14502950057526093     
  -1.2314552191065902      -0.14549625919080469     
  -1.2253132978142880      -0.14596301780634849     
  -1.2191713765219858      -0.14642977642189225     
  -1.2130294552296836      -0.14689653503744057     
  -1.2068875339373815      -0.14736329365298434     
  -1.2007456126450793      -0.14783005226852586     
  -1.1946036913527771      -0.14829681088406965     
  -1.1884617700604749      -0.14876356949960892     
  -1.1823198487681728      -0.14923032811515408     
  -1.1761779274758704      -0.14969708673070325     
  -1.1700360061835682      -0.15016384534623800     
  -1.1638940848912660      -0.15063060396177952     
  -1.1577521635989638      -0.15109736257732556     
  -1.1516102423066616      -0.15156412119287385     
  -1.1454683210143595      -0.15203087980842217     
  -1.1393263997220573      -0.15249763842395592     
  -1.1331844784297549      -0.15296439703950396     
  -1.1270425571374529      -0.15343115565503893     
  -1.1209006358451505      -0.15389791427059607     
  -1.1147587145528486      -0.15436467288613095     
  -1.1086167932605462      -0.15483143150168818     
  -1.1024748719682442      -0.15529819011722978     
  -1.0963329506759418      -0.15576494873278707     
  -1.0901910293836399      -0.15623170734831732     
  -1.0840491080913375      -0.15669846596386788     
  -1.0779071867990355      -0.15716522457939580     
  -1.0717652655067331      -0.15763198319495086     
  -1.0656233442144307      -0.15809874181050154     
  -1.0594814229221288      -0.15856550042603162     
  -1.0533395016298264      -0.15903225904158688     
  -1.0471975803375244      -0.15949901765711688     
  -1.0410556590452220      -0.15996577627266995     
  -1.0349137377529201      -0.16043253488820217     
  -1.0287718164606177      -0.16089929350375981     
  -1.0226298951683157      -0.16136605211929195     
  -1.0164879738760133      -0.16183281073484515     
  -1.0103460525837114      -0.16229956935036818     
  -1.0042041312914090      -0.16276632796592372     
 -0.99806220999910700      -0.16323308658146249     
 -0.99192028870680460      -0.16369984519701528     
 -0.98577836741450220      -0.16416660381255962     
 -0.97963644612220024      -0.16463336242808699     
 -0.97349452482989784      -0.16510012104364269     
 -0.96735260353759589      -0.16556687965917677     
 -0.96121068224529349      -0.16603363827473255     
 -0.95506876095299154      -0.16650039689026205     
 -0.94892683966068914      -0.16696715550582014     
 -0.94278491836838718      -0.16743391412135183     
 -0.93664299707608478      -0.16790067273691001     
 -0.93050107578378283      -0.16836743135243937     
 -0.92435915449148043      -0.16883418996798991     
 -0.91821723319917803      -0.16930094858354139     
 -0.91207531190687607      -0.16976770719907744     
 -0.90593339061457367      -0.17023446581463803     
 -0.89979146932227172      -0.17070122443016497     
 -0.89364954802996932      -0.17116798304571659     
 -0.88750762673766737      -0.17163474166124570     
 -0.88136570544536497      -0.17210150027680193     
 -0.87522378415306301      -0.17256825889233324     
 -0.86908186286076061      -0.17303501750789177     
 -0.86293994156845866      -0.17350177612342529     
 -0.85679802027615626      -0.17396853473897808     
 -0.85065609898385386      -0.17443529335452318     
 -0.84451417769155190      -0.17490205197005207     
 -0.83837225639924950      -0.17536881058561529     
 -0.83223033510694755      -0.17583556920114637     
 -0.82608841381464515      -0.17630232781669836     
 -0.81994649252234320      -0.17676908643222938     
 -0.81380457123004080      -0.17723584504778594     
 -0.80766264993773884      -0.17770260366331464     
 -0.80152072864543644      -0.17816936227887128     
 -0.79537880735313449      -0.17863612089440217     
 -0.78923688606083209      -0.17910287950995890     
 -0.78309496476853013      -0.17956963812548971     
 -0.77695304347622773      -0.18003639674104249     
 -0.77081112218392533      -0.18050315535659706     
 -0.76466920089162338      -0.18096991397213230     
 -0.75852727959932098      -0.18143667258768464     
 -0.75238535830701903      -0.18190343120321303     
 -0.74624343701471663      -0.18237018981877226     
 -0.74010151572241467      -0.18283694843430057     
 -0.73395959443011227      -0.18330370704986210     
 -0.72781767313781032      -0.18377046566539715     
 -0.72167575184550792      -0.18423722428095421     
 -0.71553383055320596      -0.18470398289648465     
 -0.70939190926090356      -0.18517074151203747     
 -0.70324998796860116      -0.18563750012758787     
 -0.69710806667629921      -0.18610425874312048     
 -0.69096614538399681      -0.18657101735867998     
 -0.68482422409169486      -0.18703777597420573     
 -0.67868230279939246      -0.18750453458976307     
 -0.67254038150709050      -0.18797129320529102     
 -0.66639846021478810      -0.18843805182084389     
 -0.66025653892248615      -0.18890481043637403     
 -0.65411461763018375      -0.18937156905193148     
 -0.64797269633788179      -0.18983832766746156     
 -0.64183077504557939      -0.19030508628301662     
 -0.63568885375327699      -0.19077184489856286     
 -0.62954693246097504      -0.19123860351408833     
 -0.62340501116867264      -0.19170536212964820     
 -0.61726308987637069      -0.19217212074518036     
 -0.61112116858406829      -0.19263887936073582     
 -0.60497924729176633      -0.19310563797625885     
 -0.59883732599946393      -0.19357239659181663     
 -0.59269540470716198      -0.19403915520734866     
 -0.58655348341485958      -0.19450591382290874     
 -0.58041156212255762      -0.19497267243844069     
 -0.57426964083025522      -0.19543943105399575     
 -0.56812771953795282      -0.19590618966954465     
 -0.56198579824565087      -0.19637294828507876     
 -0.55584387695334847      -0.19683970690064129     
 -0.54970195566104652      -0.19730646551616629     
 -0.54356003436874412      -0.19777322413171983     
 -0.53741811307644216      -0.19823998274724478     
 -0.53127619178413976      -0.19870674136279839     
 -0.52513427049183781      -0.19917349997833231     
 -0.51899234919953541      -0.19964025859389051     
 -0.51285042790723345      -0.20010701720941532     
 -0.50670850661493105      -0.20057377582496907     
 -0.50056658532262910      -0.20104053444048930     
 -0.49442466403032670      -0.20150729305605114     
 -0.48828274273802430      -0.20197405167161403     
 -0.48214082144572235      -0.20244081028714769     
 -0.47599890015341995      -0.20290756890270614     
 -0.46985697886111799      -0.20337432751823975     
 -0.46371505756881559      -0.20384108613379373     
 -0.45757313627651364      -0.20430784474931371     
 -0.45143121498421124      -0.20477460336487230     
 -0.44528929369190928      -0.20524136198039672     
 -0.43914737239960688      -0.20570812059595084     
 -0.43300545110730493      -0.20617487921147973     
 -0.42686352981500253      -0.20664163782703254     
 -0.42072160852270013      -0.20710839644258225     
 -0.41457968723039818      -0.20757515505811555     
 -0.40843776593809578      -0.20804191367366984     
 -0.40229584464579382      -0.20850867228920308     
 -0.39615392335349142      -0.20897543090476647     
 -0.39001200206118947      -0.20944218952029062     
 -0.38387008076888707      -0.20990894813584954     
 -0.37772815947658511      -0.21037570675137812     
 -0.37158623818428271      -0.21084246536693715     
 -0.36544431689198076      -0.21130922398246565     
 -0.35930239559967836      -0.21177598259801847     
 -0.35316047430737596      -0.21224274121357306     
 -0.34701855301507400      -0.21270949982910600     
 -0.34087663172277161      -0.21317625844466517     
 -0.33473471043046965      -0.21364301706018901     
 -0.32859278913816725      -0.21410977567574824     
 -0.32245086784586530      -0.21457653429127652     
 -0.31630894655356290      -0.21504329290682681     
 -0.31016702526126094      -0.21551005152235503     
 -0.30402510396895854      -0.21597681013791892     
 -0.29788318267665659      -0.21644356875345158     
 -0.29174126138435419      -0.21691032736901103     
 -0.28559934009205223      -0.21737708598453911     
 -0.27945741879974983      -0.21784384460009643     
 -0.27331549750744744      -0.21831060321564241     
 -0.26717357621514548      -0.21877736183116137     
 -0.26103165492284308      -0.21924412044671646     
 -0.25488973363054113      -0.21971087906224890     
 -0.24874781233823873      -0.22017763767781309     
 -0.24260589104593677      -0.22064439629333643     
 -0.23646396975363437      -0.22111115490889618     
 -0.23032204846133242      -0.22157791352442846     
 -0.22418012716903002      -0.22204467213999279     
 -0.21803820587672806      -0.22251143075551599     
 -0.21189628458442566      -0.22297818937105976     
 -0.20575436329212327      -0.22344494798660613     
 -0.19961244199982131      -0.22391170660213824     
 -0.19347052070751891      -0.22437846521770727     
 -0.18732859941521696      -0.22484522383323483     
 -0.18118667812291456      -0.22531198244879036     
 -0.17504475683061260      -0.22577874106431783     
 -0.16890283553831020      -0.22624549967988247     
 -0.16276091424600825      -0.22671225829540537     
 -0.15661899295370585      -0.22717901691095652     
 -0.15047707166140389      -0.22764577552648385     
 -0.14433515036910149      -0.22811253414204116     
 -0.13819322907679910      -0.22857929275758790     
 -0.13205130778449714      -0.22904605137311515     
 -0.12590938649219474      -0.22951280998868001     
 -0.11976746519989279      -0.22997956860420718     
 -0.11362554390759039      -0.23044632721976760     
 -0.10748362261528843      -0.23091308583529471     
 -0.10134170132298603      -0.23137984445085069     
  -9.5199780030684078E-002 -0.23184660306637320     
  -8.9057858738381679E-002 -0.23231336168193828     
  -8.2915937446079724E-002 -0.23278012029746525     
  -7.6774016153777325E-002 -0.23324687891302137     
  -7.0632094861475370E-002 -0.23371363752854826     
  -6.4490173569172971E-002 -0.23418039614410557     
  -5.8348252276870571E-002 -0.23464715475965728     
  -5.2206330984568616E-002 -0.23511391337518406     
  -4.6064409692266217E-002 -0.23558067199074939     
  -3.9922488399964262E-002 -0.23604743060627612     
  -3.3780567107661863E-002 -0.23651418922182796     
  -2.7638645815359908E-002 -0.23698094783735460     
  -2.1496724523057509E-002 -0.23744770647511756     
  -1.5354803230755554E-002 -0.23791453500328444     
  -9.2128819384531546E-003 -0.23854475014276311     
  -3.0709606461511996E-003 -0.25473692989303087     
   3.0709606461511996E-003 -0.12579523498150325     
   9.2128819384535987E-003  0.13891564476623175     
   1.5354803230755554E-002  0.24829889991624726     
   2.1496724523057953E-002  0.23740600104813844     
   2.7638645815359908E-002  0.23687032425193263     
   3.3780567107662307E-002  0.23640375975538819     
   3.9922488399964262E-002  0.23593721837937831     
   4.6064409692266661E-002  0.23547067701014948     
   5.2206330984568616E-002  0.23500413564089564     
   5.8348252276871015E-002  0.23453759427166673     
   6.4490173569172971E-002  0.23407105290240843     
   7.0632094861475370E-002  0.23360451153318515     
   7.6774016153777769E-002  0.23313797016395615     
   8.2915937446079724E-002  0.23267142879470248     
   8.9057858738382123E-002  0.23220488742547341     
   9.5199780030684078E-002  0.23173834605621074     
  0.10134170132298648       0.23127180468699518     
  0.10748362261528843       0.23080526331774162     
  0.11362554390759083       0.23033872194851240     
  0.11976746519989279       0.22987218057925443     
  0.12590938649219519       0.22940563921002965     
  0.13205130778449714       0.22893909784077174     
  0.13819322907679954       0.22847255647154691     
  0.14433515036910149       0.22800601510229357     
  0.15047707166140389       0.22753947373306127     
  0.15661899295370629       0.22707293236382278     
  0.16276091424600825       0.22660639099456503     
  0.16890283553831065       0.22613984962534003     
  0.17504475683061260       0.22567330825608686     
  0.18118667812291500       0.22520676688686631     
  0.18732859941521696       0.22474022551760869     
  0.19347052070751936       0.22427368414837903     
  0.19961244199982131       0.22380714277912148     
  0.20575436329212371       0.22334060140989176     
  0.21189628458442566       0.22287406004063429     
  0.21803820587672806       0.22240751867140648     
  0.22418012716903046       0.22194097730217216     
  0.23032204846133242       0.22147443593291929     
  0.23646396975363482       0.22100789456369394     
  0.24260589104593677       0.22054135319443660     
  0.24874781233823917       0.22007481182520666     
  0.25488973363054113       0.21960827045594489     
  0.26103165492284353       0.21914172908671939     
  0.26717357621514548       0.21867518771747124     
  0.27331549750744788       0.21820864634824566     
  0.27945741879974983       0.21774210497898402     
  0.28559934009205223       0.21727556360975173     
  0.29174126138435463       0.21680902224051701     
  0.29788318267665659       0.21634248087126903     
  0.30402510396895899       0.21587593950204781     
  0.31016702526126094       0.21540939813279539     
  0.31630894655356334       0.21494285676357411     
  0.32245086784586530       0.21447631539432627     
  0.32859278913816770       0.21400977402510490     
  0.33473471043046965       0.21354323265585262     
  0.34087663172277205       0.21307669128663570     
  0.34701855301507400       0.21261014991738347     
  0.35316047430737640       0.21214360854815748     
  0.35930239559967836       0.21167706717889628     
  0.36544431689198076       0.21121052580967301     
  0.37158623818428316       0.21074398444044690     
  0.37772815947658511       0.21027744307119031     
  0.38387008076888751       0.20981090170196867     
  0.39001200206118947       0.20934436033271667     
  0.39615392335349187       0.20887781896349947     
  0.40229584464579382       0.20841127759425207     
  0.40843776593809622       0.20794473622502124     
  0.41457968723039818       0.20747819485576485     
  0.42072160852270057       0.20701165348654751     
  0.42686352981500253       0.20654511211730026     
  0.43300545110730493       0.20607857074806796     
  0.43914737239960733       0.20561202937882792     
  0.44528929369190928       0.20514548800957172     
  0.45143121498421168       0.20467894664034517     
  0.45757313627651364       0.20421240527108903     
  0.46371505756881604       0.20374586390187144     
  0.46985697886111799       0.20327932253262893     
  0.47599890015342039       0.20281278116340226     
  0.48214082144572235       0.20234623979414623     
  0.48828274273802474       0.20187969842492853     
  0.49442466403032670       0.20141315705567711     
  0.50056658532262910       0.20094661568643576     
  0.50670850661493150       0.20048007431719536     
  0.51285042790723345       0.20001353294794405     
  0.51899234919953585       0.19954699157872166     
  0.52513427049183781       0.19908045020947041     
  0.53127619178414021       0.19861390884024793     
  0.53741811307644216       0.19814736747099676     
  0.54356003436874456       0.19768082610177873     
  0.54970195566104652       0.19721428473253214     
  0.55584387695334891       0.19674774336330050     
  0.56198579824565087       0.19628120199404495     
  0.56812771953795327       0.19581466062482228     
  0.57426964083025522       0.19534811925557580     
  0.58041156212255762       0.19488157788634350     
  0.58655348341486002       0.19441503651709816     
  0.59269540470716198       0.19394849514784049     
  0.59883732599946438       0.19348195377862443     
  0.60497924729176633       0.19301541240938716     
  0.61112116858406873       0.19254887104017104     
  0.61726308987637069       0.19208232967092032     
  0.62340501116867308       0.19161578830169054     
  0.62954693246097504       0.19114924693243085     
  0.63568885375327744       0.19068270556321007     
  0.64183077504557939       0.19021616419396170     
  0.64797269633788179       0.18974962282472488     
  0.65411461763018419       0.18928308145549044     
  0.66025653892248615       0.18881654008623994     
  0.66639846021478855       0.18834999871701899     
  0.67254038150709050       0.18788345734776629     
  0.67868230279939290       0.18741691597854077     
  0.68482422409169486       0.18695037460928587     
  0.69096614538399725       0.18648383324005574     
  0.69710806667629921       0.18601729187080093     
  0.70324998796860161       0.18555075050157976     
  0.70939190926090356       0.18508420913232954     
  0.71553383055320596       0.18461766776309724     
  0.72167575184550836       0.18415112639386469     
  0.72781767313781032       0.18368458502460777     
  0.73395959443011272       0.18321804365538419     
  0.74010151572241467       0.18275150228613413     
  0.74624343701471707       0.18228496091690596     
  0.75238535830701903       0.18181841954765368     
  0.75852727959932142       0.18135187817842771     
  0.76466920089162338       0.18088533680917326     
  0.77081112218392578       0.18041879543994496     
  0.77695304347622773       0.17995225407069509     
  0.78309496476853013       0.17948571270146504     
  0.78923688606083253       0.17901917133223214     
  0.79537880735313449       0.17855262996297558     
  0.80152072864543689       0.17808608859374261     
  0.80766264993773884       0.17761954722449291     
  0.81380457123004124       0.17715300585526889     
  0.81994649252234320       0.17668646448601699     
  0.82608841381464559       0.17621992311679291     
  0.83223033510694755       0.17575338174753882     
  0.83837225639924995       0.17528684037831016     
  0.84451417769155190       0.17482029900906293     
  0.85065609898385430       0.17435375763983646     
  0.85679802027615626       0.17388721627057571     
  0.86293994156845866       0.17342067490134117     
  0.86908186286076106       0.17295413353210207     
  0.87522378415306346       0.17248759216287438     
  0.88136570544536497       0.17202105079361260     
  0.88750762673766737       0.17155450942439160     
  0.89364954802996976       0.17108796805515253     
  0.89979146932227216       0.17062142668592004     
  0.90593339061457367       0.17015488531665626     
  0.91207531190687607       0.16968834394742849     
  0.91821723319917847       0.16922180257818714     
  0.92435915449148087       0.16875526120895890     
  0.93050107578378238       0.16828871983969995     
  0.93664299707608478       0.16782217847047667     
  0.94278491836838718       0.16735563710123308     
  0.94892683966068958       0.16688909573199626     
  0.95506876095299198       0.16642255436277220     
  0.96121068224529349       0.16595601299350679     
  0.96735260353759589       0.16548947162427899     
  0.97349452482989829       0.16502293025503539     
  0.97963644612220069       0.16455638888580656     
  0.98577836741450220       0.16408984751654820     
  0.99192028870680460       0.16362330614732493     
  0.99806220999910700       0.16315676477808358     
   1.0042041312914094       0.16269022340884223     
   1.0103460525837118       0.16222368203961304     
   1.0164879738760133       0.16175714067034824     
   1.0226298951683157       0.16129059930112047     
   1.0287718164606181       0.16082405793187687     
   1.0349137377529205       0.16035751656264291     
   1.0410556590452220       0.15989097519337159     
   1.0471975803375244       0.15942443382413929     
   1.0533395016298268       0.15895789245489567     
   1.0594814229221292       0.15849135108565693     
   1.0656233442144307       0.15802480971639041     
   1.0717652655067331       0.15755826834714906     
   1.0779071867990355       0.15709172697788737     
   1.0840491080913379       0.15662518560863023     
   1.0901910293836403       0.15615864423940243     
   1.0963329506759418       0.15569210287016108     
   1.1024748719682442       0.15522556150095365     
   1.1086167932605466       0.15475902013173490     
   1.1147587145528490       0.15429247876252039     
   1.1209006358451505       0.15382593739327027     
   1.1270425571374529       0.15335939602405380     
   1.1331844784297553       0.15289285465481922     
   1.1393263997220577       0.15242631328559766     
   1.1454683210143592       0.15195977191633656     
   1.1516102423066616       0.15149323054710875     
   1.1577521635989640       0.15102668917787870     
   1.1638940848912664       0.15056014780864641     
   1.1700360061835688       0.15009360643942904     
   1.1761779274758704       0.14962706507017051     
   1.1823198487681728       0.14916052370093819     
   1.1884617700604752       0.14869398233169911     
   1.1946036913527776       0.14822744096246337     
   1.2007456126450791       0.14776089959320513     
   1.2068875339373815       0.14729435822398412     
   1.2130294552296839       0.14682781685473825     
   1.2191713765219863       0.14636127548549466     
   1.2253132978142887       0.14589473411626538     
   1.2314552191065902       0.14542819274699842     
   1.2375971403988926       0.14496165137776384     
   1.2437390616911950       0.14449511000852477     
   1.2498809829834974       0.14402856863929747     
   1.2560229042757989       0.14356202727003303     
   1.2621648255681013       0.14309548590079621     
   1.2683067468604037       0.14262894453155261     
   1.2744486681527061       0.14216240316232054     
   1.2805905894450076       0.14169586179305413     
   1.2867325107373100       0.14122932042382408     
   1.2928744320296124       0.14076277905458273     
   1.2990163533219148       0.14029623768534139     
   1.3051582746142172       0.13982969631611800     
   1.3113001959065187       0.13936315494685417     
   1.3174421171988211       0.13889661357762187     
   1.3235840384911235       0.13843007220839182     
   1.3297259597834259       0.13796353083917270     
   1.3358678810757274       0.13749698946991593     
   1.3420098023680298       0.13703044810068812     
   1.3481517236603322       0.13656390673145358     
   1.3542936449526346       0.13609736536222852     
   1.3604355662449361       0.13563082399297427     
   1.3665774875372385       0.13516428262374422     
   1.3727194088295409       0.13469774125450401     
   1.3788613301218433       0.13423119988526833     
   1.3850032514141457       0.13376465851604294     
   1.3911451727064472       0.13329811714678225     
   1.3972870939987496       0.13283157577755220     
   1.4034290152910520       0.13236503440832104     
   1.4095709365833544       0.13189849303909762     
   1.4157128578756559       0.13143195166983834     
   1.4218547791679583       0.13096541030060715     
   1.4279967004602607       0.13049886893137147     
   1.4341386217525631       0.13003232756213579     
   1.4402805430448655       0.12956578619290751     
   1.4464224643371670       0.12909924482364518     
   1.4525643856294694       0.12863270345441288     
   1.4587063069217718       0.12816616208517492     
   1.4648482282140742       0.12769962071594754     
   1.4709901495063757       0.12723307934668884     
   1.4771320707986781       0.12676653797745541     
   1.4832739920909805       0.12629999660821858     
   1.4894159133832829       0.12583345523898981     
   1.4955578346755845       0.12536691386973364     
   1.5016997559678869       0.12490037250050587     
   1.5078416772601893       0.12443383113126678     
   1.5139835985524916       0.12396728976202318     
   1.5201255198447940       0.12350074839279292     
   1.5262674411370956       0.12303420702353936     
   1.5324093624293980       0.12256766565430592     
   1.5385512837217004       0.12210112428506571     
   1.5446932050140028       0.12163458291583631     
   1.5508351263063043       0.12116804154657738     
   1.5569770475986067       0.12070150017734507     
   1.5631189688909091       0.12023495880810599     
   1.5692608901832115       0.11976841743887180     
   1.5754028114755130       0.11930187606961314     
   1.5815447327678154       0.11883533470038875     
   1.5876866540601178       0.11836879333114853     
   1.5938285753524202       0.11790225196190605     
   1.5999704966447226       0.11743571059267831     
   1.6061124179370241       0.11696916922342337     
   1.6122543392293265       0.11650262785419332     
   1.6183962605216289       0.11603608648495650     
   1.6245381818139313       0.11556954511572171     
   1.6306801031062328       0.11510300374646251     
   1.6368220243985352       0.11463646237723248     
   1.6429639456908376       0.11416992100799001     
   1.6491058669831400       0.11370337963874753     
   1.6552477882754424       0.11323683826951692     
   1.6613897095677439       0.11277029690025693     
   1.6675316308600463       0.11230375553101785     
   1.6736735521523487       0.11183721416177538     
   1.6798154734446511       0.11137067279253771     
   1.6859573947369526       0.11090413142327687     
   1.6920993160292550       0.11043759005403553     
   1.6982412373215574       0.10997104868477837     
   1.7043831586138598       0.10950450731554383     
   1.7105250799061613       0.10903796594630247     
   1.7166670011984637       0.10857142457708259     
   1.7228089224907661       0.10810488320785254     
   1.7289508437830685       0.10763834183862815     
   1.7350927650753709       0.10717180046940343     
   1.7412346863676724       0.10670525910015111     
   1.7473766076599748       0.10623871773092446     
   1.7535185289522772       0.10577217636168876     
   1.7596604502445796       0.10530563499246039     
   1.7658023715368811       0.10483909362320834     
   1.7719442928291835       0.10437255225397715     
   1.7780862141214859       0.10390601088473694     
   1.7842281354137883       0.10343946951549900     
   1.7903700567060907       0.10297292814626124     
   1.7965119779983922       0.10250638677700501     
   1.8026538992906946       0.10203984540777836     
   1.8087958205829970       0.10157330403853701     
   1.8149377418752994       0.10110676266930464     
   1.8210796631676009       0.10064022130005319     
   1.8272215844599033       0.10017367993082202     
   1.8333635057522057        9.9707138561582934E-002
   1.8395054270445081        9.9240597192349164E-002
   1.8456473483368097        9.8774055823099116E-002
   1.8517892696291121        9.8307514453869080E-002
   1.8579311909214145        9.7840973084625471E-002
   1.8640731122137169        9.7374431715387524E-002
   1.8702150335060193        9.6907890346161318E-002
   1.8763569547983208        9.6441348976915003E-002
   1.8824988760906232        9.5974807607682691E-002
   1.8886407973829256        9.5508266238439096E-002
   1.8947827186752280        9.5041724869206409E-002
   1.9009246399675295        9.4575183499956403E-002
   1.9070665612598319        9.4108642130726936E-002
   1.9132084825521343        9.3642100761485589E-002
   1.9193504038444367        9.3175559392252638E-002
   1.9254923251367382        9.2709018023001202E-002
   1.9316342464290406        9.2242476653767211E-002
   1.9377761677213430        9.1775935284528681E-002
   1.9439180890136454        9.1309393915286780E-002
   1.9500600103059478        9.0842852546051789E-002
   1.9562019315982493        9.0376311176799576E-002
   1.9623438528905517        8.9909769807563877E-002
   1.9684857741828541        8.9443228438324793E-002
   1.9746276954751565        8.8976687069092369E-002
   1.9807696167674580        8.8510145699834203E-002
   1.9869115380597604        8.8043604330596811E-002
   1.9930534593520628        8.7577062961354910E-002
   1.9991953806443652        8.7110521592107915E-002
   2.0053373019366676        8.6643980222866679E-002
   2.0114792232289691        8.6177438853608290E-002
   2.0176211445212715        8.5710897484378809E-002
   2.0237630658135739        8.5244356115152145E-002
   2.0299049871058763        8.4777814745928146E-002
   2.0360469083981778        8.4311273376679069E-002
   2.0421888296904802        8.3844732007448450E-002
   2.0483307509827826        8.3378190638214458E-002
   2.0544726722750850        8.2911649268984533E-002
   2.0606145935673865        8.2445107899738551E-002
   2.0667565148596889        8.1978566530507932E-002
   2.0728984361519913        8.1512025161264337E-002
   2.0790403574442937        8.1045483792023559E-002
   2.0851822787365961        8.0578942422792177E-002
   2.0913242000288976        8.0112401053542004E-002
   2.0974661213212000        7.9645859684311399E-002
   2.1036080426135024        7.9179318315072869E-002
   2.1097499639058048        7.8712776945838961E-002
   2.1158918851981063        7.8246235576593007E-002
   2.1220338064904087        7.7779694207362970E-002
   2.1281757277827111        7.7313152838125010E-002
   2.1343176490750135        7.6846611468886869E-002
   2.1404595703673150        7.6380070099629341E-002
   2.1466014916596174        7.5913528730390256E-002
   2.1527434129519198        7.5446987361152865E-002
   2.1588853342442222        7.4980445991917735E-002
   2.1650272555365246        7.4513904622684340E-002
   2.1711691768288262        7.4047363253431656E-002
   2.1773110981211286        7.3580821884196526E-002
   2.1834530194134310        7.3114280514963090E-002
   2.1895949407057334        7.2647739145723783E-002
   2.1957368619980349        7.2181197776470238E-002
   2.2018787832903373        7.1714656407239633E-002
   2.2080207045826397        7.1248115037998855E-002
   2.2141626258749421        7.0781573668748474E-002
   2.2203045471672445        7.0315032299507127E-002
   2.2264464684595460        6.9848490930263532E-002
   2.2325883897518484        6.9381949561038561E-002
   2.2387303110441508        6.8915408191806263E-002
   2.2448722323364532        6.8448866822571425E-002
   2.2510141536287547        6.7982325453323014E-002
   2.2571560749210571        6.7515784084094102E-002
   2.2632979962133595        6.7049242714854448E-002
   2.2694399175056619        6.6582701345616516E-002
   2.2755818387979634        6.6116159976367814E-002
   2.2817237600902658        6.5649618607136070E-002
   2.2878656813825682        6.5183077237896417E-002
   2.2940076026748706        6.4716535868653946E-002
   2.3001495239671730        6.4249994499421328E-002
   2.3062914452594745        6.3783453130173515E-002
   2.3124333665517769        6.3316911760941494E-002
   2.3185752878440793        6.2850370391703256E-002
   2.3247172091363817        6.2383829022468966E-002
   2.3308591304286832        6.1917287653226794E-002
   2.3370010517209856        6.1450746283991095E-002
   2.3431429730132880        6.0984204914744107E-002
   2.3492848943055904        6.0517663545506709E-002
   2.3554268155978919        6.0051122176261136E-002
   2.3615687368901943        5.9584580807022336E-002
   2.3677106581824967        5.9118039437777041E-002
   2.3738525794747991        5.8651498068540496E-002
   2.3799945007671015        5.8184956699306158E-002
   2.3861364220594030        5.7718415330061765E-002
   2.3922783433517054        5.7251873960834546E-002
   2.3984202646440078        5.6785332591599132E-002
   2.4045621859363102        5.6318791222365369E-002
   2.4107041072286117        5.5852249853114190E-002
   2.4168460285209141        5.5385708483875390E-002
   2.4229879498132165        5.4919167114640260E-002
   2.4291298711055189        5.4452625745409933E-002
   2.4352717923978213        5.3986084376172437E-002
   2.4414137136901228        5.3519543006919620E-002
   2.4475556349824252        5.3053001637680536E-002
   2.4536975562747276        5.2586460268440320E-002
   2.4598394775670300        5.2119918899209056E-002
   2.4659813988593315        5.1653377529956510E-002
   2.4721233201516339        5.1186836160708106E-002
   2.4782652414439363        5.0720294791466759E-002
   2.4844071627362387        5.0253753422241441E-002
   2.4905490840285402        4.9787212053001025E-002
   2.4966910053208426        4.9320670683771543E-002
   2.5028329266131450        4.8854129314538391E-002
   2.5089748479054474        4.8387587945297891E-002
   2.5151167691977498        4.7921046576058397E-002
   2.5212586904900514        4.7454505206812950E-002
   2.5274006117823538        4.6987963837581491E-002
   2.5335425330746562        4.6521422468340713E-002
   2.5396844543669586        4.6054881099100102E-002
   2.5458263756592601        4.5588339729854356E-002
   2.5519682969515625        4.5121798360620635E-002
   2.5581102182438649        4.4655256991376756E-002
   2.5642521395361673        4.4188715622138691E-002
   2.5703940608284688        4.3722174252897879E-002
   2.5765359821207712        4.3255632883663318E-002
   2.5826779034130736        4.2789091514425927E-002
   2.5888198247053760        4.2322550145186988E-002
   2.5949617459976784        4.1856008775950707E-002
   2.6011036672899799        4.1389467406701901E-002
   2.6072455885822823        4.0922926037462816E-002
   2.6133875098745847        4.0456384668225709E-002
   2.6195294311668871        3.9989843298988879E-002
   2.6256713524591886        3.9523301929747116E-002
   2.6318132737514910        3.9056760560513687E-002
   2.6379551950437934        3.8590219191271494E-002
   2.6440971163360958        3.8123677822031563E-002
   2.6502390376283982        3.7657136452794962E-002
   2.6563809589206997        3.7190595083548030E-002
   2.6625228802130021        3.6724053714315447E-002
   2.6686648015053045        3.6257512345079609E-002
   2.6748067227976069        3.5790970975844431E-002
   2.6809486440899084        3.5324429606601163E-002
   2.6870905653822108        3.4857888237361655E-002
   2.6932324866745132        3.4391346868124124E-002
   2.6993744079668156        3.3924805498885144E-002
   2.7055163292591171        3.3458264129633104E-002
   2.7116582505514195        3.2991722760400945E-002
   2.7178001718437219        3.2525181391166093E-002
   2.7239420931360243        3.2058640021926869E-002
   2.7300840144283267        3.1592098652693204E-002
   2.7362259357206282        3.1125557283450116E-002
   2.7423678570129306        3.0659015914213432E-002
   2.7485097783052330        3.0192474544975055E-002
   2.7546516995975354        2.9725933175736883E-002
   2.7607936208898369        2.9259391806493219E-002
   2.7669355421821393        2.8792850437260067E-002
   2.7730774634744417        2.8326309068026207E-002
   2.7792193847667441        2.7859767698792705E-002
   2.7853613060590456        2.7393226329554959E-002
   2.7915032273513480        2.6926684960325128E-002
   2.7976451486436504        2.6460143591093176E-002
   2.8037870699359528        2.5993602221867154E-002
   2.8099289912282552        2.5527060852647228E-002
   2.8160709125205567        2.5060519483427048E-002
   2.8222128338128591        2.4593978114224611E-002
   2.8283547551051615        2.4127436745031140E-002
   2.8344966763974639        2.3660895375857405E-002
   2.8406385976897655        2.3194354006705421E-002
   2.8467805189820679        2.2727812637593929E-002
   2.8529224402743703        2.2261271268529465E-002
   2.8590643615666727        2.1794729899534411E-002
   2.8652062828589751        2.1328188530638326E-002
   2.8713482041512766        2.0861647161870094E-002
   2.8774901254435790        2.0395105793299333E-002
   2.8836320467358814        1.9928564424994140E-002
   2.8897739680281838        1.9462023057056740E-002
   2.8959158893204853        1.8995481689639191E-002
   2.9020578106127877        1.8528940322968122E-002
   2.9081997319050901        1.8062398957331346E-002
   2.9143416531973925        1.7595857593157824E-002
   2.9204835744896940        1.7129316231043499E-002
   2.9266254957819964        1.6662774871855249E-002
   2.9327674170742988        1.6196233516808912E-002
   2.9389093383666012        1.5729692167629133E-002
   2.9450512596589036        1.5263150826792150E-002
   2.9511931809512051        1.4796609497831091E-002
   2.9573351022435075        1.4330068185825343E-002
   2.9634770235358099        1.3863526898049403E-002
   2.9696189448281123        1.3396985644996088E-002
   2.9757608661204138        1.2930444441820534E-002
   2.9819027874127162        1.2463903310495173E-002
   2.9880447087050186        1.1997362282953261E-002
   2.9941866299973210        1.1530821405771720E-002
   3.0003285512896225        1.1064280747172570E-002
   3.0064704725819249        1.0597740407480844E-002
   3.0126123938742273        1.0131200534880239E-002
   3.0187543151665297        9.6646613493512369E-003
   3.0248962364588321        9.1981231792083295E-003
   3.0310381577511336        8.7315865173711246E-003
   3.0371800790434360        8.2650521087511367E-003
   3.0433220003357384        7.7985210872653539E-003
   3.0494639216280408        7.3319951930253110E-003
   3.0556058429203423        6.8654771206748894E-003
   3.0617477642126447        6.3989710857349866E-003
   3.0678896855049471        5.9324837596280485E-003
   3.0740316067972495        5.4660258405990897E-003
   3.0801735280895519        4.9996147465530731E-003
   3.0863154493818534        4.5332793399549690E-003
   3.0924573706741558        4.0670684470023475E-003
   3.0985992919664582        3.6010667197181202E-003
   3.1047412132587606        3.1354253233699227E-003
   3.1108831345510621        2.6704241035257572E-003
   3.1170250558433645        2.2066047242153245E-003
   3.1231669771356669        1.7450752799372776E-003
   3.1293088984279693        1.2882583801148942E-003
   3.1354508197202708        8.4192127800506692E-004
   3.1415927410125732        0.0000000000000000     
